100
6 0 72
22 0 -36
59 0 -30
80 0 118
87 0 -78
89 0 90
7 1 36
13 1 30
19 1 116
24 1 86
41 1 40
49 1 -98
53 1 -114
64 1 142
65 1 -160
72 1 -162
73 1 -162
81 1 -8
86 1 -192
6 2 150
13 2 -10
20 2 58
34 2 -140
49 2 66
57 2 152
59 2 80
96 2 -182
8 3 -54
19 3 -18
26 3 -102
34 3 -172
38 3 96
40 3 -180
49 3 -112
64 3 -126
65 3 -20
69 3 102
76 3 -14
80 3 -24
90 3 162
22 4 -24
29 4 192
37 4 -176
51 4 -152
57 4 -92
63 4 -2
71 4 -184
81 4 16
7 5 140
38 5 -166
56 5 144
72 5 22
76 5 108
89 5 142
94 5 -10
39 6 -98
51 6 -6
66 6 -94
73 6 -126
74 6 192
79 6 -38
11 7 126
29 7 -178
46 7 52
53 7 88
54 7 30
55 7 24
58 7 -158
59 7 8
73 7 136
81 7 -8
84 7 -104
89 7 44
9 8 -52
14 8 -10
17 8 196
33 8 -182
69 8 -98
72 8 182
84 8 -116
95 8 -134
9 9 -20
17 9 -124
20 9 -64
37 9 -100
39 9 -74
43 9 64
65 9 84
77 9 -118
27 10 -92
33 10 -150
40 10 50
42 10 -68
71 10 134
82 10 32
89 10 -32
20 11 -102
23 11 114
30 11 -190
31 11 116
34 11 -142
35 11 130
38 11 130
40 11 156
50 11 -22
53 11 152
56 11 -14
61 11 -174
70 11 -186
76 11 180
12 12 -78
16 12 -192
18 12 -106
23 12 116
26 12 -152
52 12 -100
56 12 124
66 12 -74
88 12 -68
90 12 36
94 12 198
18 13 -76
24 13 46
25 13 78
32 13 -102
35 13 190
57 13 -170
64 13 -102
69 13 -154
98 13 72
99 13 198
23 14 -136
54 14 -172
59 14 -192
64 14 96
66 14 -106
76 14 -40
22 15 190
24 15 32
25 15 182
33 15 -38
50 15 88
58 15 70
65 15 128
93 15 -186
96 15 -84
32 16 -124
57 16 142
81 16 182
24 17 -194
28 17 -182
45 17 -14
90 17 -68
47 18 -172
48 18 30
55 18 58
57 18 -60
67 18 -56
76 18 -112
85 18 82
98 18 -98
24 19 -186
27 19 166
31 19 64
42 19 192
43 19 148
68 19 132
88 19 16
40 20 -72
42 20 -30
44 20 112
54 20 -126
60 20 -34
73 20 -118
75 20 -78
79 20 144
92 20 -96
41 21 176
44 21 -74
53 21 -58
59 21 -106
64 21 -86
65 21 -32
75 21 98
88 21 -184
91 21 -82
50 22 -146
65 22 -18
74 22 -50
80 22 36
86 22 -176
92 22 48
98 22 -120
24 23 -118
69 23 66
71 23 160
79 23 148
81 23 -40
94 23 88
24 24 92
29 24 -108
35 24 166
36 24 176
44 24 50
47 24 56
50 24 -46
28 25 6
37 25 178
38 25 104
39 25 -124
54 25 -182
67 25 -62
69 25 -34
71 25 -114
77 25 -146
36 26 -60
37 26 194
38 26 -130
40 26 -184
44 26 112
54 26 66
74 26 176
87 26 4
42 27 -158
52 27 -174
55 27 152
65 27 140
76 27 60
77 27 -182
92 27 -130
97 27 -4
29 28 194
37 28 176
43 28 178
78 28 -14
95 28 100
38 29 -98
43 29 8
47 29 -82
52 29 38
59 29 -30
98 29 82
72 30 -76
79 30 146
85 30 -34
89 30 190
33 31 142
48 31 148
67 31 42
83 31 154
99 31 174
33 32 176
59 32 -186
65 32 186
68 32 -108
90 32 -138
34 33 162
43 33 -96
56 33 -200
59 33 142
75 33 -174
83 33 -118
99 33 110
57 34 140
76 34 18
94 34 -186
60 35 146
68 35 190
69 35 86
76 35 170
79 35 -158
80 35 -20
49 36 -66
50 36 176
57 36 168
60 36 54
75 36 14
80 36 58
86 36 160
87 36 -12
96 36 -132
37 37 -24
41 37 128
44 37 -182
46 37 -166
55 37 -128
57 37 180
58 37 170
68 37 -30
75 37 -158
91 37 54
96 37 162
55 38 162
64 38 104
71 38 30
72 38 142
73 38 -164
74 38 42
81 38 182
87 38 -38
39 39 74
44 39 106
47 39 -118
55 39 -106
61 39 58
71 39 -10
76 39 6
92 39 132
61 40 42
96 40 -150
97 40 50
57 41 -96
66 41 46
78 41 -124
89 41 -122
98 41 -4
67 42 -116
77 42 106
64 43 -78
82 43 58
93 43 166
95 43 4
99 43 -48
45 44 -98
51 44 188
65 45 108
68 45 -112
69 45 -76
89 45 190
90 45 16
98 45 -108
46 46 71
56 46 -92
58 46 -84
62 46 -36
66 46 -18
70 46 -128
80 46 148
85 46 -180
88 46 -122
91 46 -140
96 46 -6
53 47 16
61 47 -130
92 47 -26
93 47 162
95 47 114
65 48 -94
79 48 94
80 48 -36
97 48 120
65 49 -48
72 49 152
85 49 168
87 49 -76
92 49 130
93 49 -34
81 50 114
91 50 158
97 50 2
98 50 -64
71 51 -48
75 51 -82
76 51 -140
79 51 -150
80 51 74
81 51 20
86 51 -66
92 51 -180
54 52 -68
63 52 -70
67 52 188
74 52 -10
86 52 72
54 53 162
55 53 -82
57 53 -100
62 53 94
65 53 -60
70 53 72
76 53 24
78 53 -190
81 53 -28
82 53 118
68 54 -68
78 54 138
84 54 -166
77 55 -42
89 55 140
65 56 -200
66 56 108
91 56 -192
95 56 -94
67 57 168
69 57 168
75 57 -98
77 57 -70
88 57 -130
73 58 -26
82 58 -152
83 58 60
92 58 60
96 58 -96
71 59 172
82 59 -178
88 59 152
90 59 26
96 59 -34
65 60 -16
75 60 -92
76 60 -110
84 60 84
88 60 -20
92 60 156
72 61 -188
80 61 -96
85 61 -108
77 62 -192
83 62 -194
84 62 60
90 62 -138
91 62 194
65 63 110
78 63 -196
66 64 -146
68 64 -92
71 64 -152
65 65 47
75 65 6
80 65 82
81 65 -166
83 65 -76
87 65 82
96 65 -180
66 66 50
70 66 -92
99 66 102
83 67 -106
99 67 -28
80 68 150
91 68 30
92 68 -192
97 68 -188
69 69 77
74 69 118
97 69 -80
98 69 -142
76 71 -56
78 71 -60
81 71 -132
91 71 -56
74 72 90
85 72 -80
89 72 -64
75 73 134
96 73 -162
78 74 -188
91 74 96
93 74 144
95 74 36
98 74 158
84 75 -160
88 75 -70
96 75 2
97 75 150
79 76 -48
80 76 66
90 76 42
93 76 -86
92 77 -76
78 78 -94
84 79 -26
87 79 -126
88 79 -60
89 79 184
94 79 -50
98 79 28
85 80 -92
93 80 168
84 81 -58
85 81 -158
86 81 -46
87 81 -148
88 83 -72
86 84 38
91 84 166
86 85 -198
87 86 -6
90 88 -114
91 88 2
98 88 140
89 89 -96
98 89 -188
92 91 -74
95 92 -180
99 97 160
99 99 -59
