50
5 0 12
29 0 100
42 0 178
4 1 -128
8 2 -180
23 2 -60
46 2 40
10 3 -160
16 3 156
18 3 86
16 4 70
49 4 -150
10 5 -198
13 5 12
10 6 -4
29 6 18
44 6 74
7 7 98
29 7 -188
33 7 -188
34 7 104
43 7 -122
9 8 24
17 8 166
34 8 -124
12 9 182
34 9 -54
35 9 46
37 9 104
14 10 186
33 10 86
14 11 118
16 11 18
18 11 -92
24 11 -80
29 11 -154
31 11 60
32 11 -144
37 11 -84
38 11 182
16 12 -90
38 12 60
44 12 152
46 12 -84
15 13 -86
36 13 -118
15 14 18
17 14 58
19 14 170
27 14 -72
32 14 138
47 14 -24
18 15 140
39 15 66
45 15 148
49 15 -42
26 16 -130
38 16 -132
40 16 -88
42 16 180
20 17 -182
20 18 -130
32 18 36
36 18 -90
42 18 70
48 18 -44
20 19 -158
21 19 166
23 19 -58
25 19 10
27 19 -194
25 20 -78
41 20 -160
42 20 -190
26 21 48
43 21 48
25 22 -144
40 22 164
24 23 52
44 23 -74
47 23 22
30 24 -74
48 25 92
49 25 -58
33 26 -64
36 26 -102
40 26 -20
47 26 -190
49 27 -52
32 28 12
32 29 160
46 30 198
32 31 96
32 32 48
33 32 -106
36 33 174
43 34 118
45 34 70
46 34 -130
45 35 84
37 36 156
46 36 -38
47 36 -130
41 38 -128
43 38 -152
46 39 -42
45 41 10
48 42 172
49 42 26
49 48 -174
49 49 -87
